### G3 table (voi vs frozen_rule), nsim=2000
mask	0.15	0.033238	0.032836	0.000402	-0.000062	0.000873	28	20
mask	0.25	0.014879	0.014277	0.000602	-0.000002	0.001227	22	15
mask	0.35	0.004635	0.003299	0.001336	0.000657	0.002102	32	19
maskr	0.25	0.031290	0.027122	0.004169	0.003738	0.004621	290	1
maskr	0.35	0.031290	0.027238	0.004053	0.003593	0.004521	287	2

### richness family, eps=0.35, nsim=2000
base	voi_reg	froz_reg	voi_p	froz_p	conf_reg	conf_p	nocost_reg	diff	lo	hi
0.50	0.004635	0.003299	3.9845	3.3130	0.003214	3.8705	0.003363	0.001336	0.000657	0.002102
0.60	0.078917	0.006822	1.3360	3.0095	0.003026	3.8905	0.003026	0.072095	0.069381	0.074865
0.70	0.081520	0.030479	0.4625	2.7570	0.004001	4.0030	0.003960	0.051041	0.049312	0.052698
0.75	0.056363	0.030429	0.6515	2.3990	0.009572	4.1530	0.009035	0.025934	0.024773	0.027106
0.80	0.031290	0.027238	0.2405	1.4600	0.021404	4.3445	0.021245	0.004053	0.003593	0.004521
0.85	0.005994	0.005994	0.0045	0.4650	0.006037	4.4660	0.006082	0.000000	0.000000	0.000000
0.90	0.004750	0.004750	0.0040	0.0815	0.004750	4.4580	0.004771	0.000000	0.000000	0.000000
0.95	0.003638	0.003638	0.0020	0.0000	0.003642	3.9585	0.003641	0.000000	0.000000	0.000000

### conf vs frozen on richness
0.50	-0.000085	-0.000321	0.000150	0.557500
0.60	-0.003796	-0.004851	-0.002782	0.881000
0.70	-0.026479	-0.028219	-0.024800	1.246000
0.75	-0.020857	-0.022151	-0.019590	1.754000
0.80	-0.005834	-0.006671	-0.004983	2.884500
0.85	0.000043	0.000000	0.000107	4.001000
0.90	0.000000	0.000000	0.000000	4.376500
0.95	0.000003	-0.000126	0.000134	3.958500

### pub instance
2	0.005100	0.005250	0.005250	0.005250	6.4545	8.7280	8.7285	-0.000150	-0.000450	0.000000	0.9830	0.9825
8	0.010800	0.012750	0.012600	0.012600	7.8025	8.8875	8.8875	-0.001950	-0.003300	-0.000600	0.9640	0.9575
16	0.013200	0.025500	0.025500	0.025500	8.2980	9.9925	10.0000	-0.012300	-0.015600	-0.009000	0.9560	0.9150
49	0.012300	0.024450	0.024450	0.024450	8.8885	9.9945	10.0000	-0.012150	-0.015300	-0.009000	0.9590	0.9185
