6400 runs, serial, bases=[0.6, 0.65, 0.7, 0.75, 0.8, 0.85, 0.9, 0.95]
  [1000/6400] 58s
  [2000/6400] 113s
  [3000/6400] 167s
  [4000/6400] 229s
  [5000/6400] 293s
  [6000/6400] 356s

 base | OLD regret     sem  probes  clear% | NEW regret     sem  probes  clear% |  nocost r  probes | beta0 probes
 0.60 |    0.03392 0.00392   2.755  0.0225 |    0.00756 0.00178   2.990  0.0343 |   0.00225   3.985 |        0.000
 0.65 |    0.04625 0.00362   2.405  0.0177 |    0.02001 0.00273   2.905  0.0280 |   0.00334   4.135 |        0.000
 0.70 |    0.04932 0.00276   1.655  0.0109 |    0.02888 0.00262   2.795  0.0257 |   0.00382   4.305 |        0.000
 0.75 |    0.05143 0.00106   0.440  0.0028 |    0.02886 0.00191   2.435  0.0186 |   0.01039   4.425 |        0.000
 0.80 |    0.03100 0.00000   0.010  0.0001 |    0.02656 0.00109   1.545  0.0103 |   0.02127   4.455 |        0.000
 0.85 |    0.00600 0.00000   0.000  0.0000 |    0.00600 0.00000   0.465  0.0031 |   0.00688   4.640 |        0.000
 0.90 |    0.00475 0.00000   0.000  0.0000 |    0.00475 0.00000   0.100  0.0019 |   0.00475   4.455 |        0.000
 0.95 |    0.00350 0.00000   0.000  0.0000 |    0.00350 0.00000   0.000  0.0000 |   0.00350   4.095 |        0.000

wrote sweep_arbiter_v2.json  (379s total)
cutoffs: old=0.816667  new=0.890909  (GU=200.0 PROBE_LEN=20.0 PROBE_COST=4.0 H=40.0)
